1463093696.548371,0
1463093696.657397,9
1463093696.761432,9
1463093696.864431,9
1463093696.968015,9
1463093697.071874,9
1463093697.175511,9
1463093697.279368,9
1463093697.383117,9
1463093697.486999,9
1463093697.590593,8
1463093697.694637,9
1463093697.801989,9
1463093697.905208,9
1463093698.008625,9
1463093698.112703,9
1463093698.216157,9
1463093698.319564,9
1463093698.423213,9
1463093698.527250,9
1463093698.633207,0
1463093698.736499,0
1463093698.839945,9
1463093698.943260,7
1463093699.046519,0
1463093699.150265,0
1463093699.254108,0
1463093699.357862,0
1463093699.462915,0
1463093699.566322,0
1463093699.669764,0
1463093699.773528,8
1463093699.876930,9
1463093699.980572,9
1463093700.084429,1
1463093700.187442,8
1463093700.290601,9
1463093700.393754,8
1463093700.496933,7
1463093700.599617,9
1463093700.702630,4
1463093700.805699,6
1463093700.908891,6
1463093701.013320,9
1463093701.117808,9
1463093701.220998,4
1463093701.324247,9
1463093701.427268,9
1463093701.530399,3
1463093701.633607,0
1463093701.736828,0
1463093701.839991,0
1463093701.943166,0
1463093702.046350,0
1463093702.150458,9
1463093702.253644,6
1463093702.356683,0
1463093702.459240,4
1463093702.561732,5
1463093702.664359,5
1463093702.767277,5
1463093702.869836,6
1463093702.972379,6
1463093703.074919,7
1463093703.177714,8
1463093703.281311,9
1463093703.383801,1
1463093703.486279,0
1463093703.588759,0
1463093703.691281,1
1463093703.794109,1
1463093703.896678,3
1463093703.999159,2
1463093704.101724,8
1463093704.204888,6
1463093704.308155,8
1463093704.411380,9
1463093704.514883,2
1463093704.617435,7
1463093704.719937,7
1463093704.822581,6
1463093704.925078,6
1463093705.027532,4
1463093705.130736,4
1463093705.233291,5
1463093705.336025,4
1463093705.440353,9
1463093705.543446,8
1463093705.646516,0
1463093705.749247,1
1463093705.851950,1
1463093705.954510,2
1463093706.057044,2
1463093706.159607,3
1463093706.262268,3
1463093706.365100,3
1463093706.467630,5
1463093706.571266,9
1463093706.673873,3
1463093706.777060,0
1463093706.879623,0
1463093706.982169,0
1463093707.085378,0
1463093707.188545,0
1463093707.291724,0
1463093707.394968,0
1463093707.497955,0
1463093707.600655,0
1463093707.704845,9
1463093707.807938,0
1463093707.910688,0
1463093708.013243,0
1463093708.115834,0
1463093708.218374,0
1463093708.321561,0
1463093708.424611,0
1463093708.527617,0
1463093708.630260,0
1463093708.734524,9
1463093708.838450,9
1463093708.941419,0
1463093709.044659,0
1463093709.147662,0
1463093709.250782,0
1463093709.353988,0
1463093709.456914,0
1463093709.559436,0
1463093709.662554,0
1463093709.765380,0
1463093709.869857,9
1463093709.973084,3
1463093710.076031,0
1463093710.179247,0
1463093710.282302,0
1463093710.385445,0
1463093710.488546,0
1463093710.591732,0
1463093710.694942,0
1463093710.798173,0
1463093710.901295,5
1463093711.005264,9
1463093711.108148,1
1463093711.210797,2
1463093711.313677,3
1463093711.416364,5
1463093711.518876,4
1463093711.621368,4
1463093711.723872,5
1463093711.827041,5
1463093711.929824,5
1463093712.033582,9
1463093712.137018,9
1463093712.239593,0
1463093712.342425,0
1463093712.445033,0
1463093712.547635,0
1463093712.650231,0
1463093712.753428,0
1463093712.856645,0
1463093712.959176,0
1463093713.061756,0
1463093713.165722,9
1463093713.268520,4
1463093713.371144,0
1463093713.474042,0
1463093713.576909,0
1463093713.679767,0
1463093713.783012,0
1463093713.885556,0
1463093713.988959,0
1463093714.092300,0
1463093714.195976,5
1463093714.306114,8
1463093714.409471,0
1463093714.513628,0
1463093714.617804,0
1463093714.725368,0
1463093714.829641,0
1463093714.933800,0
1463093715.038035,0
1463093715.145409,0
1463093715.249700,0
1463093715.368465,9
1463093715.472757,4
1463093715.577026,0
1463093715.681339,0
1463093715.785618,0
1463093715.889879,0
1463093715.997457,0
1463093716.101663,0
1463093716.205936,0
1463093716.313412,0
1463093716.431126,8
1463093716.547242,8
1463093716.651531,0
1463093716.755758,0
1463093716.860042,0
1463093716.964287,0
1463093717.068550,0
1463093717.172868,0
1463093717.277088,0
1463093717.381348,0
1463093717.485562,4
1463093717.605529,9
1463093717.709565,0
1463093717.813739,0
1463093717.917999,0
1463093718.025405,0
1463093718.129656,0
1463093718.233946,0
1463093718.341409,0
1463093718.445690,0
1463093718.550032,1
1463093718.671785,8
1463093718.776313,4
1463093718.880582,0
1463093718.984908,0
1463093719.089223,0
1463093719.193493,0
1463093719.297890,0
1463093719.405404,0
1463093719.509690,0
1463093719.613950,0
1463093719.726737,9
1463093719.841491,9
1463093719.945742,0
1463093720.050077,0
1463093720.157410,0
1463093720.263067,0
1463093720.367285,0
1463093720.471545,0
1463093720.575706,0
1463093720.679953,0
1463093720.784209,0
1463093720.896746,9
1463093721.000899,0
1463093721.105134,0
1463093721.209404,0
1463093721.313666,0
1463093721.417984,0
1463093721.525422,0
1463093721.629666,0
1463093721.733960,0
1463093721.841408,0
1463093721.958796,9
1463093722.072832,5
1463093722.177084,0
1463093722.281332,0
1463093722.385581,0
1463093722.489817,0
1463093722.597454,0
1463093722.701717,0
1463093722.805971,0
1463093722.913406,0
1463093723.017629,1
1463093723.137538,9
1463093723.241826,0
1463093723.349406,0
1463093723.453652,0
1463093723.557909,0
1463093723.662121,0
1463093723.769405,0
1463093723.873729,0
1463093723.977953,0
1463093724.085425,3
1463093724.204473,8
1463093724.308808,0
1463093724.413064,0
1463093724.517283,0
1463093724.621562,0
1463093724.725680,0
1463093724.829901,0
1463093724.937404,0
1463093725.041654,0
1463093725.145976,0
1463093725.261201,8
1463093725.365438,7
1463093725.469694,0
1463093725.574044,0
1463093725.681430,0
1463093725.787325,0
1463093725.891488,0
1463093725.995735,0
1463093726.100026,0
1463093726.204235,0
1463093726.308445,0
1463093726.421502,9
1463093726.525743,0
1463093726.629912,0
1463093726.734132,0
1463093726.841407,0
1463093726.945658,0
1463093727.049946,0
1463093727.157399,0
1463093727.261592,0
1463093727.365791,6
1463093727.481123,8
1463093727.585294,4
1463093727.689519,0
1463093727.793723,0
1463093727.898038,0
1463093728.005424,0
1463093728.109698,0
1463093728.214016,0
1463093728.321411,0
1463093728.425744,0
1463093728.549178,9
1463093728.661387,8
1463093728.765622,5
1463093728.869864,4
1463093728.977407,3
1463093729.081634,3
1463093729.185872,5
1463093729.289953,5
1463093729.397438,4
1463093729.501697,5
1463093729.605984,6
1463093729.732081,9
1463093729.849381,0
1463093729.953612,0
1463093730.057730,0
1463093730.161941,0
1463093730.269413,0
1463093730.373717,0
1463093730.477978,0
1463093730.582265,0
1463093730.686471,0
1463093730.797823,9
1463093730.902010,2
1463093731.006264,0
1463093731.110509,0
1463093731.221369,0
1463093731.325631,0
1463093731.429895,0
1463093731.534135,0
1463093731.641400,0
1463093731.745581,0
1463093731.861458,9
1463093731.965624,7
1463093732.069655,1
1463093732.173875,1
1463093732.281427,2
1463093732.385674,3
1463093732.489890,3
1463093732.597473,4
1463093732.701702,3
1463093732.805992,5
1463093732.913417,4
1463093733.029547,9
1463093733.133795,0
1463093733.238037,0
1463093733.345406,0
1463093733.449734,0
1463093733.553968,0
1463093733.658244,0
1463093733.765414,0
1463093733.869671,0
1463093733.973966,1
1463093734.084599,9
1463093734.188847,3
1463093734.293089,0
1463093734.397345,0
1463093734.501566,0
1463093734.605765,0
